20
6
56 33 8532
-25 -71 36496
-22 71 15191
-98 -3 8809
-37 5 32429
75 22 17010

10
-38 0 21623
88 -88 20153
2 -9 1375
11 16 18526
-85 8 985
13 57 16830
40 -25 31767
27 -81 21911
-14 82 8804
61 24 10433

7
-100 -34 23303
13 -48 18846
49 39 26223
93 85 39745
-43 39 8997
-53 -25 34604
25 4 15965

3
-13 -6 31973
69 -57 8357
74 72 9981

8
59 66 29189
-61 -90 28904
16 43 33954
23 63 21897
61 49 19965
46 35 17420
30 -24 945
6 3 3519

3
7 77 23046
33 55 22967
89 -53 12458

7
42 21 19295
-67 85 22759
47 26 34195
34 -99 31197
70 -3 16482
84 52 25293
-41 70 28197

4
-11 -73 22922
76 -17 28994
3 67 34506
10 54 9950

6
28 -70 37745
98 -73 13154
-58 -76 33049
-45 -8 1300
47 -100 19685
-69 21 25742

8
63 -42 10293
-52 -63 39156
-40 -17 32983
-71 -65 7841
-24 -72 34073
-43 -9 2785
-83 -1 13367
-25 41 23616

5
69 58 12079
-56 -29 25406
-64 -13 7955
80 -60 32902
-33 -41 19473

1
70 23 37134

5
24 -92 7652
26 -45 31584
80 -71 23861
-31 -35 36889
99 -15 19741

8
-82 -78 38841
-71 -48 26897
53 -87 21976
23 -63 18824
88 -5 18138
-86 98 7887
44 -57 5956
-11 75 22050

4
-30 -26 26036
4 -46 35683
-42 43 19393
-58 93 27540

6
28 -84 6643
-3 99 34292
22 -11 10232
53 -83 38785
-9 -17 23399
-57 69 38262

8
92 65 32698
-87 -56 14966
86 18 23837
12 58 5414
14 6 6302
-75 -75 22538
-2 94 30495
-93 -52 15283

2
-64 -46 21788
63 -83 26295

3
12 64 39824
16 64 2698
-30 66 14992

10
91 -49 9061
96 79 8863
-47 15 36071
56 -5 17597
5 -52 26984
89 -50 31030
-82 90 4108
37 -44 14319
57 18 19512
-15 100 29520
